1.00000000000000000000 0 13177090678540774140704860159533929353298572599644438250700651049671427215176091891151214647781812169973915641292604234628375753260997724596928671173369299995077458445261208976188794423625537811600761161669761317970925951265006242100553767399044641428542680660763808208268508387361384681295654615119296352118.37439999999999999999
-179769313486231570814527423731704356798070567525844996598917476803157260780028538760589558632766878171540458953514382464234321326889464182768467546703537516986049910576551282076245490090389328944075868508455133942304583236903222948165808559332123348274797826204144723168738177180919299881250404026184124858367.5 0 73993049430932914547259487607969513258085845593637800600114433452179528537059746553858662333246847055406052905266519822278846658147703457627501242223176041991458143193308507702582643721204247793381627478080133130652566460309366565465046803021101970149906785265625968056252633727666383831122666297177385791704.063
1.00000000000000000000 0.125 0.5
-0.25 -0.125 0.00000000000000000000
1 0.125 0.5
-0.25 -0.125 13407807929942596355291171319504369546972761848005886202933437039977698535908023469639916455850156473051435030476852652168358712736007344770615488809533440
-179769313486231570814527423731704356798070567525844996598917476803157260780028538760589558632766878171540458953514382464234321326889464182768467546703537516986049910576551282076245490090389328944075868508455133942304583236903222948165808559332123348274797826204144723168738177180919299881250404026184124858367 -3 1
1 0 3145962986009052489254229915304826243966234931702287440481055844055252063650499428310317276073420368001958031686501693124100623220565623198448182067311906547255873435089647436334296076581813256521327698897964843990330206645806401592901649788312158594808961958572532655452918100666087747921882070458222185021.4225
179769313486231570814527423731704356798070567525844996598917476803157260780028538760589558632766878171540458953514382464234321326889464182768467546703537516986049910576551282076245490090389328944075868508455133942304583236903222948165808559332123348274797826204144723168738177180919299881250404026184124858367.99999999999999999999 179769313486231570814527423731704356798070567525844996598917476803157260780028538760589558632766878171540458953514382464234321326889464182768467546703537516986049910576551282076245490090389328944075868508455133942304583236903222948165808559332123348274797826204144723168738177180919299881250404026184124858367.99999999999999999999 0
1 0 0
1 -1 1
-1 179769313486231570814527423731704356798070567525844996598917476803157260780028538760589558632766878171540458953514382464234321326889464182768467546703537516986049910576551282076245490090389328944075868508455133942304583236903222948165808559332123348274797826204144723168738177180919299881250404026184124858367 0
-0.50000000000000000000 0.125 -0.5
-0.49999999999999999999 179769313486231570814527423731704356798070567525844996598917476803157260780028538760589558632766878171540458953514382464234321326889464182768467546703537516986049910576551282076245490090389328944075868508455133942304583236903222948165808559332123348274797826204144723168738177180919299881250404026184124858367.99999999999999999999 0
179769313486231570814527423731704356798070567525844996598917476803157260780028538760589558632766878171540458953514382464234321326889464182768467546703537516986049910576551282076245490090389328944075868508455133942304583236903222948165808559332123348274797826204144723168738177180919299881250404026184124858367 179769313486231570814527423731704356798070567525844996598917476803157260780028538760589558632766878171540458953514382464234321326889464182768467546703537516986049910576551282076245490090389328944075868508455133942304583236903222948165808559332123348274797826204144723168738177180919299881250404026184124858367 0
-0.25 0.00000000000000000000 -0.125
-179769313486231570814527423731704356798070567525844996598917476803157260780028538760589558632766878171540458953514382464234321326889464182768467546703537516986049910576551282076245490090389328944075868508455133942304583236903222948165808559332123348274797826204144723168738177180919299881250404026184124858367 0.125 -17
-0.25 13407807929942596355291171319504369546972761848005886202933437039977698535908023469639916455850156473051435030476852652168358712736007344770615488809533440 -0.125
-0.50000000000000000000 0.125 0.5
-0.00000000000000000000 179769313486231570814527423731704356798070567525844996598917476803157260780028538760589558632766878171540458953514382464234321326889464182768467546703537516986049910576551282076245490090389328944075868508455133942304583236903222948165808559332123348274797826204144723168738177180919299881250404026184124858367.99999999999999999999 0
