-0.125 0.125 107262463439540770842329370556034956375782094784047089623467496319821588287264187757119331646801251784411480243814821217346869701888058758164923910476267520
-0.25 -0.125 0
-179769313486231570814527423731704356798070567525844996598917476803157260780028538760589558632766878171540458953514382464234321326889464182768467546703537516986049910576551282076245490090389328944075868508455133942304583236903222948165808559332123348274797826204144723168738177180919299881250404026184124858367 -3 1
1 -1 1
0.125 0.5 0
89884656743115785407263711865852178399035283762922498299458738401578630390014269380294779316383439085770229476757191232117160663444732091384233773351768758493024955288275641038122745045194664472037934254227566971152291618451611474082904279666061674137398913102072361584369088590459649940625202013092062429184.25 0 0
-0.00000000000000000000 0 0
-0.50000000000000000000 0.5 0.125
0.99999999999999999999 0 0
-179769313486231570814527423731704356798070567525844996598917476803157260780028538760589558632766878171540458953514382464234321326889464182768467546703537516986049910576551282076245490090389328944075868508455133942304583236903222948165808559332123348274797826204144723168738177180919299881250404026184124858367 0.125 -17
-179769313486231570814527423731704356798070567525844996598917476803157260780028538760589558632766878171540458953514382464234321326889464182768467546703537516986049910576551282076245490090389328944075868508455133942304583236903222948165808559332123348274797826204144723168738177180919299881250404026184124858367 -17 0.125
1 0 0.125
-0.50000000000000000000 0.125 0.5
0.00000000000000000000 0 0
1 0.5 0.125
-179769313486231570814527423731704356798070567525844996598917476803157260780028538760589558632766878171540458953514382464234321326889464182768467546703537516986049910576551282076245490090389328944075868508455133942304583236903222948165808559332123348274797826204144723168738177180919299881250404026184124858367.5 0 0
-0.25 -0.125 13407807929942596355291171319504369546972761848005886202933437039977698535908023469639916455850156473051435030476852652168358712736007344770615488809533440
1.00000000000000000000 0.125 0.5
1 0.125 0.5
0.5 -2 -179769313486231570814527423731704356798070567525844996598917476803157260780028538760589558632766878171540458953514382464234321326889464182768467546703537516986049910576551282076245490090389328944075868508455133942304583236903222948165808559332123348274797826204144723168738177180919299881250404026184124858367
-0.25 -0.125 0.00000000000000000000
-0.25 0.00000000000000000000 -0.125
-0.50000000000000000000 0.125 -0.5
-0.125 0.125 0.00000000000000000000
-0.49999999999999999999 0 0
-0.25 13407807929942596355291171319504369546972761848005886202933437039977698535908023469639916455850156473051435030476852652168358712736007344770615488809533440 -0.125
-0.5 0.125 -0.00000000000000000000
-89884656743115785407263711865852178399035283762922498299458738401578630390014269380294779316383439085770229476757191232117160663444732091384233773351768758493024955288275641038122745045194664472037934254227566971152291618451611474082904279666061674137398913102072361584369088590459649940625202013092062429184.75 0 0
0.5 -0.5 0
-0.125 -0.5 -0.81649658092772603273
