1 0.125 0.5
-0.125 0.125 107262463439540770842329370556034956375782094784047089623467496319821588287264187757119331646801251784411480243814821217346869701888058758164923910476267520
-0.25 0.00000000000000000000 -0.125
-0.49999999999999999999 179769313486231570814527423731704356798070567525844996598917476803157260780028538760589558632766878171540458953514382464234321326889464182768467546703537516986049910576551282076245490090389328944075868508455133942304583236903222948165808559332123348274797826204144723168738177180919299881250404026184124858367.99999999999999999999 0
-0.5 0.125 -0.00000000000000000000
-179769313486231570814527423731704356798070567525844996598917476803157260780028538760589558632766878171540458953514382464234321326889464182768467546703537516986049910576551282076245490090389328944075868508455133942304583236903222948165808559332123348274797826204144723168738177180919299881250404026184124858367.5 0 -169162923990543908136470305731533799746984404041820141799581345671770982394006854973714774673433632359419571875257033898844496368602985795985127961448028803483872965852534756433747006175056358536375392266456281039708612825925932794224025854331528070726584754458100184501782624727245061188256630188639261491723.847
-0.125 0.125 0.00000000000000000000
1 0.5 0.125
-0.00000000000000000000 179769313486231570814527423731704356798070567525844996598917476803157260780028538760589558632766878171540458953514382464234321326889464182768467546703537516986049910576551282076245490090389328944075868508455133942304583236903222948165808559332123348274797826204144723168738177180919299881250404026184124858367.99999999999999999999 0
1.00000000000000000000 0.125 0.5
-0.25 -0.125 0.00000000000000000000
89884656743115785407263711865852178399035283762922498299458738401578630390014269380294779316383439085770229476757191232117160663444732091384233773351768758493024955288275641038122745045194664472037934254227566971152291618451611474082904279666061674137398913102072361584369088590459649940625202013092062429184 179769313486231570814527423731704356798070567525844996598917476803157260780028538760589558632766878171540458953514382464234321326889464182768467546703537516986049910576551282076245490090389328944075868508455133942304583236903222948165808559332123348274797826204144723168738177180919299881250404026184124858367 0
0.00000000000000000000 179769313486231570814527423731704356798070567525844996598917476803157260780028538760589558632766878171540458953514382464234321326889464182768467546703537516986049910576551282076245490090389328944075868508455133942304583236903222948165808559332123348274797826204144723168738177180919299881250404026184124858367.99999999999999999999 0
-1 179769313486231570814527423731704356798070567525844996598917476803157260780028538760589558632766878171540458953514382464234321326889464182768467546703537516986049910576551282076245490090389328944075868508455133942304583236903222948165808559332123348274797826204144723168738177180919299881250404026184124858367 0
-0.25 -0.125 13407807929942596355291171319504369546972761848005886202933437039977698535908023469639916455850156473051435030476852652168358712736007344770615488809533440
0.125 0.5 0
-0.25 13407807929942596355291171319504369546972761848005886202933437039977698535908023469639916455850156473051435030476852652168358712736007344770615488809533440 -0.125
-179769313486231570814527423731704356798070567525844996598917476803157260780028538760589558632766878171540458953514382464234321326889464182768467546703537516986049910576551282076245490090389328944075868508455133942304583236903222948165808559332123348274797826204144723168738177180919299881250404026184124858367 0.125 -17
1.00000000000000000000 0 -179769313486231570814527423731704356798070567525844996598917476803157260780028538760589558632766878171540458953514382464234321326889464182768467546703537516986049910576551282076245490090389328944075868508455133942304583236903222948165808559332123348274797826204144723168738177180919299881250404026184124858367.99999999999999999999
1 0 -179769313486231570814527423731704356798070567525844996598917476803157260780028538760589558632766878171540458953514382464234321326889464182768467546703537516986049910576551282076245490090389328944075868508455133942304583236903222948165808559332123348274797826204144723168738177180919299881250404026184124858367
-0.50000000000000000000 0.125 0.5
1 -1 1
89884656743115785407263711865852178399035283762922498299458738401578630390014269380294779316383439085770229476757191232117160663444732091384233773351768758493024955288275641038122745045194664472037934254227566971152291618451611474082904279666061674137398913102072361584369088590459649940625202013092062429184.5 179769313486231570814527423731704356798070567525844996598917476803157260780028538760589558632766878171540458953514382464234321326889464182768467546703537516986049910576551282076245490090389328944075868508455133942304583236903222948165808559332123348274797826204144723168738177180919299881250404026184124858367 0
0.5 -2 -179769313486231570814527423731704356798070567525844996598917476803157260780028538760589558632766878171540458953514382464234321326889464182768467546703537516986049910576551282076245490090389328944075868508455133942304583236903222948165808559332123348274797826204144723168738177180919299881250404026184124858367
