0.00000000000000000000e+00 1.79769313486231570815e+308 -4.94065645841246544177e-324
-1.79769313486231570815e+308 -4.94065645841246544177e-324 5.35892323502456329144e+307
-0.00000000000000000000e+00 1.79769313486231570815e+308 -4.94065645841246544177e-324
8.98846567431157854073e+307 1.79769313486231570815e+308 -4.94065645841246544177e-324
1.00000000000000000000e+00 0.00000000000000000000e+00 6.50764914820158238049e+307
1.00000000000000000000e+00 0.00000000000000000000e+00 1.38925725462159761023e+308
1.50000000000000000000e+00 1.79769313486231570815e+308 -4.94065645841246544177e-324
-1.00000000000000000000e+00 1.79769313486231570815e+308 -4.94065645841246544177e-324
-8.98846567431157854073e+307 1.79769313486231570815e+308 -4.94065645841246544177e-324
1.00000000000000000000e+00 0.00000000000000000000e+00 -4.94065645841246544177e-324
-1.25000000000000000000e-01 1.25000000000000000000e-01 1.07262463439540764888e+155
-2.50000000000000000000e-01 -1.25000000000000000000e-01 1.34078079299425970996e+154
1.59242021634862570474e+308 1.25000000000000000000e-01 -1.70000000000000000000e+01
