1 0 108436849894894883515322941994964068020596166331589701948467022007664459702513214580387621767284980913073204840759875502426142624379724795045939624171573830245985306059775733348391279622522843219066563884300136793998124608500024082333615722989136803679358048766340097015382868475530521688370243708594264114566.9744
79897472660547364806456632769646380799142474455931109599518878579181004791123795004706470503451945854017981757117503317437476145284206303452652242979350007549355515811800569811664662262395257308478163781535615085468703660845876865851470470814277043677687922757397654741661412080408577725000179567192944381499 -3 1
1.50000000000000000000 179769313486231570814527423731704356798070567525844996598917476803157260780028538760589558632766878171540458953514382464234321326889464182768467546703537516986049910576551282076245490090389328944075868508455133942304583236903222948165808559332123348274797826204144723168738177180919299881250404026184124858367.99999999999999999999 0
1.50000000000000000000 0.125 0.5
-179769313486231570814527423731704356798070567525844996598917476803157260780028538760589558632766878171540458953514382464234321326889464182768467546703537516986049910576551282076245490090389328944075868508455133942304583236903222948165808559332123348274797826204144723168738177180919299881250404026184124858367.5 0 58029534393355551058929452380594166374417179197342764902130561512059163779793212311918309526657148273773260150194442659454838924319919038197661324075901910483096911134110753854212044201177675383147690354529317236575919468872360367667923002952409416823104738298697916638868683594000750001667630419652235504281.029
-0.125 -0.5 -0.00000000000000000000
-0.25 0.00000000000000000000 -0.125
1 0.5 0.125
-1 179769313486231570814527423731704356798070567525844996598917476803157260780028538760589558632766878171540458953514382464234321326889464182768467546703537516986049910576551282076245490090389328944075868508455133942304583236903222948165808559332123348274797826204144723168738177180919299881250404026184124858367 0
1.00000000000000000000 0 11756913101999544731270093512053464934593815116190262777569202982926484855013866434942557134582953832418746015559840613160924614778570957553057777554411353610887664151706453847786455051911462112942561800452965759826719743693470780810043879780320866977171777833751064895235476787632122212233776423312441765737.26719999999999999999
159242021634862567918750935900748495987218218984831554080701986372346916123485487621837117681620487238457984401729003151709295016206584189580372636526316970063767394835976222185186316481452139133852672450396243215328627365561332438513657408958559090513315721481872142322480876672371421348097243704855141743055 0.125 -17
1.50000000000000000000 0.125 -0.5
1 -1 1
-0.25 13407807929942596355291171319504369546972761848005886202933437039977698535908023469639916455850156473051435030476852652168358712736007344770615488809533440 -0.125
-0.00000000000000000000 179769313486231570814527423731704356798070567525844996598917476803157260780028538760589558632766878171540458953514382464234321326889464182768467546703537516986049910576551282076245490090389328944075868508455133942304583236903222948165808559332123348274797826204144723168738177180919299881250404026184124858367.99999999999999999999 0
1.00000000000000000000 0.125 0.5
0.125 0.5 0
-0.25 -0.125 13407807929942596355291171319504369546972761848005886202933437039977698535908023469639916455850156473051435030476852652168358712736007344770615488809533440
-0.25 -0.125 0.00000000000000000000
