1.50000000000000000000 0.125 -0.5
159242021634862567918750935900748495987218218984831554080701986372346916123485487621837117681620487238457984401729003151709295016206584189580372636526316970063767394835976222185186316481452139133852672450396243215328627365561332438513657408958559090513315721481872142322480876672371421348097243704855141743055 0.125 -17
159242021634862567918750935900748495987218218984831554080701986372346916123485487621837117681620487238457984401729003151709295016206584189580372636526316970063767394835976222185186316481452139133852672450396243215328627365561332438513657408958559090513315721481872142322480876672371421348097243704855141743055 -17 0.125
1 -1 1
1.50000000000000000000 0.5 0.125
1 0.5 0.125
0.99999999999999999999 0 0
-0.25 -0.125 0
-0.25 0.00000000000000000000 -0.125
1 0 0.125
1 0.125 0
-89884656743115785407263711865852178399035283762922498299458738401578630390014269380294779316383439085770229476757191232117160663444732091384233773351768758493024955288275641038122745045194664472037934254227566971152291618451611474082904279666061674137398913102072361584369088590459649940625202013092062429182.75 0 0
-179769313486231570814527423731704356798070567525844996598917476803157260780028538760589558632766878171540458953514382464234321326889464182768467546703537516986049910576551282076245490090389328944075868508455133942304583236903222948165808559332123348274797826204144723168738177180919299881250404026184124858367.5 0 0
-0.5 0.125 -0.00000000000000000000
1.49999999999999999999 0 0
0.5 -0.5 0
0.00000000000000000000 0 0
-0.25 -0.125 13407807929942596355291171319504369546972761848005886202933437039977698535908023469639916455850156473051435030476852652168358712736007344770615488809533440
1.00000000000000000000 0.125 0.5
-0.25 -0.125 0.00000000000000000000
-0.25 13407807929942596355291171319504369546972761848005886202933437039977698535908023469639916455850156473051435030476852652168358712736007344770615488809533440 -0.125
1.50000000000000000000 0.125 0.5
89884656743115785407263711865852178399035283762922498299458738401578630390014269380294779316383439085770229476757191232117160663444732091384233773351768758493024955288275641038122745045194664472037934254227566971152291618451611474082904279666061674137398913102072361584369088590459649940625202013092062429184.25 0 0
79897472660547364806456632769646380799142474455931109599518878579181004791123795004706470503451945854017981757117503317437476145284206303452652242979350007549355515811800569811664662262395257308478163781535615085468703660845876865851470470814277043677687922757397654741661412080408577725000179567192944381499 -3 1
0.5 -2 -179769313486231570814527423731704356798070567525844996598917476803157260780028538760589558632766878171540458953514382464234321326889464182768467546703537516986049910576551282076245490090389328944075868508455133942304583236903222948165808559332123348274797826204144723168738177180919299881250404026184124858367
-0.125 0.125 0.00000000000000000000
-0.125 -0.5 -0.00000000000000000000
-0.125 0.125 107262463439540770842329370556034956375782094784047089623467496319821588287264187757119331646801251784411480243814821217346869701888058758164923910476267520
0.125 0.5 0
