0.00000000000000000000 179769313486231570814527423731704356798070567525844996598917476803157260780028538760589558632766878171540458953514382464234321326889464182768467546703537516986049910576551282076245490090389328944075868508455133942304583236903222948165808559332123348274797826204144723168738177180919299881250404026184124858367.99999999999999999999 0
0.5 -2 -179769313486231570814527423731704356798070567525844996598917476803157260780028538760589558632766878171540458953514382464234321326889464182768467546703537516986049910576551282076245490090389328944075868508455133942304583236903222948165808559332123348274797826204144723168738177180919299881250404026184124858367
1.00000000000000000000 0.125 0.5
-179769313486231570814527423731704356798070567525844996598917476803157260780028538760589558632766878171540458953514382464234321326889464182768467546703537516986049910576551282076245490090389328944075868508455133942304583236903222948165808559332123348274797826204144723168738177180919299881250404026184124858367.5 0 53589232350245631259810625014421068761504836179454393486137299835021179438526507404531747428427806382936210814042637412588251187545749272883280175672324533813541478342869937186928780595945058958229016402370475428200996262920850760848227531536905970120717231991455541976600850617632043294600745440205487620279.35175
-0.00000000000000000000 179769313486231570814527423731704356798070567525844996598917476803157260780028538760589558632766878171540458953514382464234321326889464182768467546703537516986049910576551282076245490090389328944075868508455133942304583236903222948165808559332123348274797826204144723168738177180919299881250404026184124858367.99999999999999999999 0
89884656743115785407263711865852178399035283762922498299458738401578630390014269380294779316383439085770229476757191232117160663444732091384233773351768758493024955288275641038122745045194664472037934254227566971152291618451611474082904279666061674137398913102072361584369088590459649940625202013092062429184.5 179769313486231570814527423731704356798070567525844996598917476803157260780028538760589558632766878171540458953514382464234321326889464182768467546703537516986049910576551282076245490090389328944075868508455133942304583236903222948165808559332123348274797826204144723168738177180919299881250404026184124858367 0
1.50000000000000000000 0.125 0.5
1.00000000000000000000 0 65076491482015828634858927390876977160901545444355888768808126602742928402370331031333420225061609898097646141172206452052824320333986034162185251906680581148950067628711564111600867412720937077755464400060758487114259131758966707236022698478228652075476813085900389787083220139492786557012646257478653198729.21599999999999999999
1 0 138925725462159757925466793059861126933548934583973013371643426073479931130806054754183610911402243450966466679275914768360283521420177920443471720092493793126819370893558830788522514741852873407981831183334127510612981925478810694342536854651864923546763760090563042064800863325414434948230312231435091690546.0176
1.49999999999999999999 179769313486231570814527423731704356798070567525844996598917476803157260780028538760589558632766878171540458953514382464234321326889464182768467546703537516986049910576551282076245490090389328944075868508455133942304583236903222948165808559332123348274797826204144723168738177180919299881250404026184124858367.99999999999999999999 0
-1 179769313486231570814527423731704356798070567525844996598917476803157260780028538760589558632766878171540458953514382464234321326889464182768467546703537516986049910576551282076245490090389328944075868508455133942304583236903222948165808559332123348274797826204144723168738177180919299881250404026184124858367 0
-89884656743115785407263711865852178399035283762922498299458738401578630390014269380294779316383439085770229476757191232117160663444732091384233773351768758493024955288275641038122745045194664472037934254227566971152291618451611474082904279666061674137398913102072361584369088590459649940625202013092062429183 179769313486231570814527423731704356798070567525844996598917476803157260780028538760589558632766878171540458953514382464234321326889464182768467546703537516986049910576551282076245490090389328944075868508455133942304583236903222948165808559332123348274797826204144723168738177180919299881250404026184124858367 0
-0.25 13407807929942596355291171319504369546972761848005886202933437039977698535908023469639916455850156473051435030476852652168358712736007344770615488809533440 -0.125
1 0 0
-0.125 0.125 0.00000000000000000000
-0.125 0.125 107262463439540770842329370556034956375782094784047089623467496319821588287264187757119331646801251784411480243814821217346869701888058758164923910476267520
-0.25 -0.125 13407807929942596355291171319504369546972761848005886202933437039977698535908023469639916455850156473051435030476852652168358712736007344770615488809533440
-0.25 -0.125 0.00000000000000000000
159242021634862567918750935900748495987218218984831554080701986372346916123485487621837117681620487238457984401729003151709295016206584189580372636526316970063767394835976222185186316481452139133852672450396243215328627365561332438513657408958559090513315721481872142322480876672371421348097243704855141743055 0.125 -17
-0.5 0.125 -0.00000000000000000000
-0.25 0.00000000000000000000 -0.125
1 -1 1
