0.00000000000000000000 0
-89884656743115785407263711865852178399035283762922498299458738401578630390014269380294779316383439085770229476757191232117160663444732091384233773351768758493024955288275641038122745045194664472037934254227566971152291618451611474082904279666061674137398913102072361584369088590459649940625202013092062429185 0.125
0.03906249999999999999 0.125
-30912712636521301859640959107303659237763457378782869785528137545516460187041944495868574897168907622090290560789510212103785413354008391216799974962248514825643503141470458558084541946760069791970718129760803455687296059255845215954437979779333379994343541543040759275047570150158080667410783761116317766652 0.125
-1.64774952265129322778 0.125
-1.56435402783315457928 0.125
-0.25 13407807929942596355291171319504369546972761848005886202933437039977698535908023469639916455850156473051435030476852652168358712736007344770615488809533440
-0.01731443284480152473 0.125
-1.55049184338037031856 0.125
-0.04030257936507936507 0.125
-30429701501575656518084069121252039562173403357239387445129260396367765496619414113120628414400643440495129770777174115039663766270352010104037475353463381781492823404884982643114470978841943701471175658983290901692182058329972634455149886345281295931931923706430747411374951866561860656982490264848875301548 0.125
-179769313486231570814527423731704356798070567525844996598917476803157260780028538760589558632766878171540458953514382464234321326889464182768467546703537516986049910576551282076245490090389328944075868508455133942304583236903222948165808559332123348274797826204144723168738177180919299881250404026184124858367 -1
0.03906250000000000000 0.125
-0.00000000000000000000 0
-13512150421359804382145686133125863550169715564339515608270404878923084510266276916569729681079989114141213838938732960250873361855306893274192079838663571.875 0.125
-1.64653126740595961442 0.125
-13512150421359804382145686133125863550169715564339515608270404878923084510266276916569729681079989114141213838938732960250873361855306893274192079838663574.921875 0.125
-0.5 -5643803094122361973508371377473644822574726323634189788617593341115754299560089609252474213472300560036
0.01194177354627327705 0.125
-0.25 7741001517595156989392969701391384067190706646117371464028533593857750289142714213104608261313754875198071294263165375710824609335425306525999860565948412
22822276126181742388563051840939029671630052517929540583846945297275824122464560584840471310800482580371347328082880586279747824702764007578028106515097536336119617553663736982335853234131457776103381744237468176269136543747479475841362414758960971948948942779823060558531213899921395492736867698636656476161 0.125
89884656743115785407263711865852178399035283762922498299458738401578630390014269380294779316383439085770229476757191232117160663444732091384233773351768758493024955288275641038122745045194664472037934254227566971152291618451611474082904279666061674137398913102072361584369088590459649940625202013092062429183 -1
-0.72265625000000000000 0.125
22822276126181742388563051840939029671630052517929540583846945297275824122464560584840471310800482580371347328082880586279747824702764007578028106515097536336119617553663736982335853234131457776103381744237468176269136543747479475841362414758960971948948942779823060558531213899921395492736867698636656476162 0.125
-91289104504726969554252207363756118686520210071718162335387781189103296489858242339361885243201930321485389312331522345118991298811056030312112426060390145344478470214654947929343412936525831104413526976949872705076546174989917903365449659035843887795795771119292242234124855599685581970947470794546625904641 0.125
-0.02343750000000000000 0.125
-0.5 -13407807929942596355291171319504369546972761848005886202933437039977698535908023469639916455850156473051435030476852652168358712736007344770615488809533440
0 -89884656743115785407263711865852178399035283762922498299458738401578630390014269380294779316383439085770229476757191232117160663444732091384233773351768758493024955288275641038122745045194664472037934254227566971152291618451611474082904279666061674137398913102072361584369088590459649940625202013092062429184.25
-0.25 0.00000000000000000000
0.02343749999999999999 0.125
91289104504726969554252207363756118686520210071718162335387781189103296489858242339361885243201930321485389312331522345118991298811056030312112426060390145344478470214654947929343412936525831104413526976949872705076546174989917903365449659035843887795795771119292242234124855599685581970947470794546625904640 0.125
0.5 -0.00000000000000000000
-1.48437499999999999999 0.125
-91289104504726969554252207363756118686520210071718162335387781189103296489858242339361885243201930321485389312331522345118991298811056030312112426060390145344478470214654947929343412936525831104413526976949872705076546174989917903365449659035843887795795771119292242234124855599685581970947470794546625904642 0.125
-0.03906250000000000000 0.125
-89884656743115785407263711865852178399035283762922498299458738401578630390014269380294779316383439085770229476757191232117160663444732091384233773351768758493024955288275641038122745045194664472037934254227566971152291618451611474082904279666061674137398913102072361584369088590459649940625202013092062429184.25 0
0 -0.00000000000000000000
-0.72265624999999999999 0.125
-89884656743115785407263711865852178399035283762922498299458738401578630390014269380294779316383439085770229476757191232117160663444732091384233773351768758493024955288275641038122745045194664472037934254227566971152291618451611474082904279666061674137398913102072361584369088590459649940625202013092062429186 0.125
-0.04663203066808236379 0.125
-13617304928847949423342595871371625321144211251880978174854271993727350075531586336353040150472815167942863702828053474858489317622507459532656355822182400.9765625 0.125
